response,ground_truth
Yes,Yes
No,Yes
No,Yes
NO,No
NO,Yes
No,Yes
No,Yes
No,No
NO,Yes
NO,Yes
B,A.
B,A.
B,C.
B,A.
B,A.
C,A.
B,A.
C,A.
B,A.
C,C.
B,C.
C,B.
B,A.
B,A.
C. Hurricane,A.
B,A.
C,A.
B,A.
C,A.
"Based on the Track Forecast Cone, the coastal areas under the Tropical Storm and Hurricane Watch are:

Pensacola Beach, FL to Indian Pass, FL",None
Florida Keys to Volusia County,"Tropical Storm Watch east of the mouth of the Pearl River to Bay St. Louis, MS"
Fort Pierce to Flagler Beach FL,"High Island, TX to Sabine Pass"
Florida Keys to West Palm Beach,"High Island, TX to Grand Isle, LA (hurricane); High Island, TX to AL/FL border (storm-surge)"
"Based on the Track Forecast Cone, the coastal areas under Tropical Storm (TS) and Hurricane watch are:

Hood Canal to Cape Flattery",None in effect yet – Hurricane and Storm-Surge Watches expected later today for portions of the northern Gulf Coast
Florida Keys to Southwest Florida,None in effect along the U.S. Gulf Coast as of Advisory 9A
"**Cape Hatteras, NC** to **Fernandina Beach, FL**

Note: The image provided appears to be a Track Forecast Cone from National Hurricane Center, showing the predicted path of a cyclone. The coastal area under Tropical Storm (TS) and Hurricane watch would be indicated by the cone's outer boundaries. In this case, Cape Hatteras, NC to Fernandina Beach, FL is within the cone, suggesting that these locations are under TS and Hurricane watch.",No U.S. Gulf Coast watches in effect as of Advisory 7A
"**Cyclone Alert!**

Based on the Track Forecast Cone from National Hurricane Center, I see that the coastal areas under Tropical Storm (TS) Watch are:

* **Punta Cana to Punta Maisi**",None
Miami Beach to West Palm Beach,Hurricane Watches limited to western Cuba; no U.S. coastal watches yet
"Tampa, FL to Key West, FL",Hurricane Watch for Isle of Youth and the Cuban provinces of Pinar del Rio and Artemisa; Tropical Storm Watch for La Habana
"Based on the provided Track Forecast Cone from National Hurricane Center, the coastal areas under Tropical Storm (TS) and Hurricane warnings are:

Tampa to Englewood

(Note: The locations are indicated on the figure.)","High Island TX to Morgan City LA including Calcasieu Lake, Vermilion Bay and Lake Borgne"
"Based on the Track Forecast Cone from National Hurricane Center, the coastal area that is under Tropical Storm (TS) and Hurricane warning is:

Key West, FL to Sarasota, FL","Hurricane Warning from High Island, TX to Morgan City, LA; Tropical Storm Warning west of High Island to Sargent, TX and east of Morgan City to the mouth of the Pearl River"
"Based on the Track Forecast Cone from National Hurricane Center, the coastal areas under Tropical Storm and Hurricane warnings are:

Key West, FL to Flagler Beach, FL","San Luis Pass, TX to Sabine Pass"
South Florida to Lake Okeechobee,None issued for Texas coastline at this time
"Based on the Track Forecast Cone from National Hurricane Center, I can see that the areas under Tropical Storm and Hurricane warnings are:

Tampa to Charlotte Amalie",None in effect
"Based on the Track Forecast Cone, the coastal areas under Tropical Storm (TS) and Hurricane warning are:

Palm Bay to Flagler Beach",None in effect along the U.S. Gulf Coast as of Advisory 9A
"Based on the Track Forecast Cone from National Hurricane Center, I see that the coastal areas under Tropical Storm (TS) and Hurricane warning are:

Key West, FL to South Santee River, SC",No U.S. Gulf Coast warnings in effect; hurricane warnings confined to Yucatan Peninsula
Palm Bay to Englewood FL,None
"Based on the Track Forecast Cone from National Hurricane Center, I can see that the areas under Tropical Storm and Hurricane warning are:

Florida Keys to Andros Island",Tropical-storm warnings only for the Cayman Islands at this time
"Based on the provided Track Forecast Cone from National Hurricane Center, the coastal area that is under Tropical Storm (TS) and Hurricane warning is:

Palm Bay to Deerfield Beach",Tropical Storm Warning for the Cayman Islands
"25.5N, 84.2W","27.5N, 93.8W"
"25.3N, 83.8W","25.3N, 93.5W"
"24.5N, 85.8W","23.7N, 92.3W"
"20.5N, 82.2W","22.3N, 90.2W"
"23.5N, 85.1W","21.1N, 87.4W"
"27.3N, 84.9W","19.2N, 84.5W"
"25.5N, 84.7W","17.8N, 82.0W"
"25.5N, 84.2W","16.5N, 79.6W"
"28.5N, 81.3W","16.4N, 78.4W"
"21.3N, 85.8W","16.9N, 76.9W"
WNW,N
WNW,NNW
WNW,NW
WNW,NW
WNW,NW
WNW,WNW
WNW,WNW
WNW,WNW
WNW,WNW
WNW,WNW
30,12 mph
25,12 mph
50,15 mph
25,17 mph
35,17 mph
45,17 mph
30,15 mph
30,8 mph
25,9 mph
30,10 mph
Florida,Southeast Texas coast from High Island through Sabine Pass and the southwestern Louisiana coast
Louisiana,"Upper Texas coast and south-central Louisiana coast, especially Sabine Pass to Morgan City"
Florida,Sabine Pass TX eastward to Morgan City LA and adjoining coasts
Florida,"High Island, TX to Cameron, LA including Sabine Lake and Calcasieu Lake expected to see 2–4 ft surge and tropical-storm winds"
Florida,Texas–Louisiana border eastward to Mississippi coast
Florida,northern Gulf Coast from the upper Texas coast eastward across Louisiana and Mississippi
North Carolina,Upper Texas coast to the Mississippi Delta likely to experience tropical-storm conditions; highest impacts centered on Louisiana coast
Florida,"Texas upper coast eastward across Louisiana, Mississippi and Alabama coasts"
Florida,"Northern Gulf Coast from southeast Texas through Louisiana, Mississippi and Alabama"
Louisiana,"North-western Caribbean, western Cuba, then the northern Gulf Coast from the TX-LA border eastward to the FL Panhandle late week"
LAFAYETTE LA,PORT ARTHUR TX
PORT ARTHUR TX,PORT ARTHUR TX
HOUSTON TX,PORT ARTHUR TX
LAKE CHARLES,PORT ARTHUR TX
JACKSONVILLE NAS,PORT ARTHUR TX
"HOUSTON/GALVESTON, TX",PORT ARTHUR TX
BEAUMONT,PORT ARTHUR TX
HOUSTON,PORT ARTHUR TX
LAKE CHARLES,PORT ARTHUR TX
HOUSTON TX,PORT ARTHUR TX
2,82%
2,85%
"The answer can be found in the table under the ""HIGH ISLAND TX"" section, where the cumulative probability of 34-kt wind arrival is given as ""12(67)"".

So, the answer is: **0.67** (or approximately 67%)",74%
2,59%
23,49%
12,57%
19,36%
3,27%
23,25%
8,12%
14,19%
11%,46%
4,36%
34,23%
14,21%
27,29%
"The answer is:

12",17%
13,10%
The answer is: 38%,7%
"The cumulative probability of 50-kt wind arrival at Beaumont, TX within the next 5 days is: **43**",4%
14,24
11,36
"According to the text, there is no mention of the 34-knot wind probability peak time for Beaumont, TX. Therefore, I cannot provide an answer.",48
67,72
"According to the provided text, there is no information about the timing of the peak winds or the remaining hours until the peak at Beaumont, TX. The text only provides weather forecast data for various locations across the Gulf Coast and Mexico.",72
42,96
2,96
The answer is: **12**,120
41,120
13,120
14,24
1,48
21,48
15,96
14,72
37,96
"The forecast is not provided in terms of hours or a specific location (Beaumont, TX). The data appears to be a text-based representation of weather forecasts for various locations and time periods, but it does not provide a clear answer to your question.",96
4,120
13,120
10,120
14,82%
1,85%
4,74%
34,59%
34,38%
27,29%
24,26%
4,27%
12,25%
"The peak 34-knot wind probability at Beaumont, TX over the next 5 days is:

7",12%
B,B.
"B. Beaumont, TX",B.
B.,B.
"D. Beaumont, TX",D.
"C. Houston Port Authority, TX",A.
"D. Tampa Port Authority, FL",C.
"D. Houston Port Authority, TX",B.
C,B.
B,C.
C,C.
Morgan City Louisiana,Southeast Texas coast from High Island through Sabine Pass and the southwestern Louisiana coast
Northern Gulf Coast,"Upper Texas coast and south-central Louisiana coast, especially Sabine Pass to Morgan City"
"Sabine Pass to Ocean Springs, Mississippi including Calcasieu Lake",Sabine Pass TX eastward to Morgan City LA and adjoining coasts
Northern Gulf coast,"High Island, TX to Cameron, LA including Sabine Lake and Calcasieu Lake expected to see 2–4 ft surge and tropical-storm winds"
"Northern coast of Yucatan Peninsula from Cabo Catoche to Progreso, eastern coast of Yucatan Peninsula from Tulum to Cabo Catoche",Texas–Louisiana border eastward to Mississippi coast
NORTHEASTERN COAST OF THE YUCATAN PENINSULA,northern Gulf Coast from the upper Texas coast eastward across Louisiana and Mississippi
NORTHEASTERN YUCATAN PENINSULA,Upper Texas coast to the Mississippi Delta likely to experience tropical-storm conditions; highest impacts centered on Louisiana coast
Cuba province of Pinar del Rio,"Texas upper coast eastward across Louisiana, Mississippi and Alabama coasts"
Isle of Youth,"Northern Gulf Coast from southeast Texas through Louisiana, Mississippi and Alabama"
"Isle of Youth, Western Cuba","North-western Caribbean, western Cuba, then the northern Gulf Coast from the TX-LA border eastward to the FL Panhandle late week"
E. Category 3,E.
E. Category 3,E.
D. Category 2,D.
D. Category 2,C.
F. Category 4,D.
F. Category 4,F.
D. Category 2,D.
D. Category 2,C.
B. Tropical Storm,B.
C. Category 1,B.
B,C.
C,D.
D,B.
C,A.
C,D.
D,B.
D,A.
D,A.
C,A.
D,B.
Florida,Southeast Texas coast from High Island through Sabine Pass and the southwestern Louisiana coast
Florida,"Upper Texas coast and south-central Louisiana coast, especially Sabine Pass to Morgan City"
Mexico,Sabine Pass TX eastward to Morgan City LA and adjoining coasts
Mexico,"High Island, TX to Cameron, LA including Sabine Lake and Calcasieu Lake expected to see 2–4 ft surge and tropical-storm winds"
Florida,Texas–Louisiana border eastward to Mississippi coast
Texas,northern Gulf Coast from the upper Texas coast eastward across Louisiana and Mississippi
Yucatán,Upper Texas coast to the Mississippi Delta likely to experience tropical-storm conditions; highest impacts centered on Louisiana coast
Louisiana,"Texas upper coast eastward across Louisiana, Mississippi and Alabama coasts"
Texas,"Northern Gulf Coast from southeast Texas through Louisiana, Mississippi and Alabama"
Florida,"North-western Caribbean, western Cuba, then the northern Gulf Coast from the TX-LA border eastward to the FL Panhandle late week"
"According to the Track Forecast Cone from National Hurricane Center, I forecast... *whirlwind calculations* ...72 hours until landfall!",12
"Based on the Track Forecast Cone from National Hurricane Center, I analyze the data and output... 72!",20
"Based on the Track Forecast Cone from National Hurricane Center, I estimate that approximately **48** hours will pass before the cyclone makes landfall.",36
"Based on the Track Forecast Cone from National Hurricane Center, I will provide an integer answer in hours.

Please provide me with the cyclone's current position, projected landfall location, and any relevant information about the storm's track forecast. Once I have this information, I'll be able to calculate the expected time to landfall.

(Note: If no landfall is expected, my response will be 'None'.)",48
72,60
"According to the Track Forecast Cone, I expect 48 hours to elapse before my projected landfall along the coast.",66
10,84
"According to the Track Forecast Cone from National Hurricane Center, I estimate the time until landfall to be 48 hours.",60
23,108
"According to the Track Forecast Cone from National Hurricane Center, the cyclone is expected to make landfall in approximately 72 hours.",120
36,24
48,24
72,36
54,0
54,24
144,24
96,24
24,24
72,24
12,48
B,D.
B,D.
B,D.
C,D.
B,D.
C,D.
C,D.
D,D.
D,D.
C,D.
D,B.
D,C.
D,C.
D,B.
D,B.
D,B.
D,B.
D,B.
D,B.
D,B.
C,B.
"According to the text, the highest 34-kt wind probability for Beaumont, TX is indicated by ""HOUSTON TX     34 3 19(22) 12(34)   1(35)   X(35)   X(35)   X(35)"" which corresponds to option B. 12-24 Hours.",C.
"Based on the provided data, the highest 34-kt wind probability for Beaumont, TX is indicated in forecasted time interval C. 24-48 hours.

Correct answer: C.",C.
"Based on the provided data, the highest 34-kt wind probability for Beaumont, TX is in the ""0-12 hours"" time interval, which corresponds to option A.",D.
"Based on the provided data, the highest 34-kt wind probability for Beaumont, TX is indicated in forecasted time interval C: 24-48 hours.

Therefore, the correct answer is:

C. 24-48 hours",D.
"The correct answer is B. 12-24 Hours.

According to the data, the highest 34-kt wind probability for Beaumont, TX is forecasted between 12-24 hours with a value of 2(3).",D.
"Based on the provided data, the highest 34-kt wind probability for Beaumont, TX is forecasted to occur within the 0-12 hour time interval (A).",D.
The correct answer is B. 12-24 hours.,D.
"Based on the given forecast data, the highest 34-kt wind probability for Beaumont, TX is indicated in option C, which corresponds to the 24-48 hour time interval.

Correct answer: C",D.
"The correct answer is C. 24-48 hours.

Note: The forecasted time interval indicating the highest 34-kt wind probability for Beaumont, TX can be found in the forecast discussion section of the National Hurricane Center (NHC) advisory package. In this case, the text reads: ""TTAA00 KNHC DDHHMM..."".",D.
No,Yes
"Based on the provided data, I can see that the probability of 34-kt winds at Beaumont, TX is given for different times and dates. To determine if the probability will reach or exceed 20% at any point during the forecast period, I'll need to analyze the data.

After reviewing the data, I found that the highest probability of 34-kt winds at Beaumont, TX is around 56% (GFMX 280N 950W 34 56). This occurs on a specific date and time, which falls within the forecast period.

Therefore, my answer would be:

Yes",Yes
"According to the provided data, there is no specific information about Beaumont, TX. The data only includes wind probabilities for various locations along the Gulf Coast and Mexico. Therefore, it is not possible to determine whether the probability of 34-kt winds at Beaumont, TX will reach or exceed 20% during the forecast period.

Answer: No",Yes
"According to the text, there is no specific data for Beaumont, TX. Therefore, it is not possible to determine whether the probability of 34-kt winds at Beaumont, TX will reach or exceed 20% at any point during the forecast period.

Answer: No.",Yes
"A weather forecasting question!

According to the given data, there is no information about the probability of 34-kt winds at Beaumont, TX. Therefore, it is not possible to determine whether the probability will reach or exceed 20% at any point during the forecast period.

Answer: No",Yes
"Based on the provided data, I did not find any information that suggests the probability of 34-kt winds at Beaumont, TX reaching or exceeding 20%. The data appears to be wind speed probabilities for various locations and times, but it does not specifically mention Beaumont, TX.

Therefore, my answer would be: No.",Yes
No.,Yes
No,Yes
No,Yes
The answer is: **No**,No
C,A.
The answer is A. 0 hours.,A.
The answer is D. 48 hours or more.,B.
"The answer is A. 0 hours.

According to the forecast, the probability of 34-kt winds at Beaumont, TX rises above zero at time TTAAX00, which indicates that the forecast is valid for all times. Therefore, the first time the probability of 34-kt winds at Beaumont, TX rises above zero is at the start of the forecast period, i.e., 0 hours.",B.
"According to the forecast data, the first time the probability of 34-kt winds at Beaumont, TX rises above zero is:

C. 24-48 hours",C.
The correct answer is D. 48 hours or more.,C.
The correct answer is A. 0 hours.,D.
The correct answer is C. 24-48 hours.,D.
"Based on the provided forecast data, the probability of 34-kt winds at Beaumont, TX does not rise above zero until:

B. 0-24 Hours",D.
"Based on the forecast chart provided, I would answer:

B. 0-24 Hours",D.
Later this morning.,12
12,20
12,36
Late Thursday night or early Friday.,48
Friday,60
36,66
48,84
72,60
72,108
36,120
B,A.
D,A.
D,A.
B,A.
D. None,A.
D. None,A.
D,A.
D,A.
D,A.
D. None,B.
C,C.
C,C.
C. Yes,D.
D. Possible,C.
B,D.
D,D.
B,A.
B,C.
D,B.
B. No,A.
D,C.
C,C.
C,C.
C. Yes,D.
D,D.
D,C.
B,B.
B,A.
Tornadoes.,A few tornadoes possible in outer rainbands; dangerous surf and rip currents on nearby Gulf beaches.
Tornadoes are possible in southern portions of Texas and Louisiana late tonight and into Friday.,"Isolated tornadoes Friday, very rough surf and dangerous rip currents, navigational restrictions likely on the Sabine-Neches Waterway."
Tornadoes are possible late tonight through Friday over southern parts of Louisiana and Mississippi.,"High surf, dangerous rip currents, minor coastal flooding, and a low risk of isolated tornadoes on Friday."
"Isolated tornadoes are possible late Thursday night into Friday over portions of southern Louisiana, southern Mississippi, and southwest Alabama, which could impact Beaumont, TX.",A few tornadoes possible in outer rain-bands; dangerous rip currents and elevated seas will disrupt pilot boarding and cargo operations before landfall.
Isaac,Dangerous seas and rip currents along the Upper Texas Coast; possible minor river flooding on the Neches and Sabine Rivers
"Tornadoes are possible within the storm's outer rain bands as it approaches the Gulf Coast, particularly near the Texas-Louisiana border.",Isolated tornadoes in outer rain bands Friday; rough seas and very high waves on approaches to Sabine/Neches channels ahead of landfall.
"Isolated reports of flash flooding and mudslides are possible in Beaumont, TX, as heavy runoff from distant thunderstorms fueled by Hurricane Delta's circulation could inundate low-lying areas.",Isolated tornadoes in outer rainbands during Friday evening/Saturday
Tornadoes are a hazard to be aware of as the low-level circulation associated with Delta may lead to spin-up tornadoes across eastern Texas.,"Brief coastal flooding, elevated river/industrial canal levels, short-period seas >8 ft at the bar channel likely to halt pilotage and lightering operations"
Tornadoes.,"Short-term channel restrictions or closure due to elevated seas and wind, possible brief power interruptions."
"Isolated tornadoes are possible in the vicinity of the landfalling hurricane's outer rain bands near Beaumont, Texas.",Building seas and long-period swell could hamper barge and pilot operations in the Sabine/Neches channels late week
"{
""future_12_hours"": {
""gale_force_probability"": 100,
""probability_range"": ""95-100%""
},
""future_24_hours"": {
""gale_force_probability"": 90,
""probability_range"": ""80-95%""
},
""future_48_hours"": {
""gale_force_probability"": 70,
""probability_range"": ""60-75%""
},
""future_72_hours"": {
""gale_force_probability"": 50,
""probability_range"": ""40-55%""
},
""future_96_hours"": {
""gale_force_probability"": 30,
""probability_range"": ""20-35%""
}
}","{'in 12h': '54%', 'in 24h': '82%', 'in 48h': '82%', 'in 72h': '82%', 'in 96h': '82%'}"
"{
""future_12"": {
""gale_force_probability"": 50
},
""future_24"": {
""gale_force_probability"": 70
},
""future_48"": {
""gale_force_probability"": 90
},
""future_72"": {
""gale_force_probability"": 100
},
""future_96"": {
""gale_force_probability"": 80
}
}","{'in 12h': '3%', 'in 24h': '61%', 'in 48h': '21%', 'in 72h': '0%', 'in 96h': '0%'}"
"{
""future_12"": ""30%"",
""future_24"": ""40%"",
""future_48"": ""50%"",
""future_72"": ""40%"",
""future_96"": ""20%""
}","{'in 12h': '0%', 'in 24h': '4%', 'in 48h': '21%', 'in 72h': '1%', 'in 96h': '0%'}"
"Here is the JSON output:

```
{
    ""future_12"": 60,
    ""future_24"": 70,
    ""future_48"": 80,
    ""future_72"": 90,
    ""future_96"": 95
}
```","{'in 12h': '0%', 'in 24h': '1%', 'in 48h': '47%', 'in 72h': '59%', 'in 96h': '59%'}"
"{
""future_12_hours"": {
""Gale Force Probability"": ""99""
},
""future_24_hours"": {
""Gale Force Probability"": ""100""
},
""future_48_hours"": {
""Gale Force Probability"": ""92""
},
""future_72_hours"": {
""Gale Force Probability"": ""85""
},
""future_96_hours"": {
""Gale Force Probability"": ""75""
}
}","{'in 12h': '0%', 'in 24h': '0%', 'in 48h': '8%', 'in 72h': '38%', 'in 96h': '2%'}"
"{
""future_12_hours"": {
""type"": ""gale"",
""value"": 94
},
""future_24_hours"": {
""type"": ""tropical_storm"",
""value"": 90
},
""future_48_hours"": {
""type"": ""hurricane"",
""value"": 85
},
""future_72_hours"": {
""type"": ""hurricane"",
""value"": 80
},
""future_96_hours"": {
""type"": ""hurricane"",
""value"": 75""
}","{'in 12h': '0%', 'in 24h': '0%', 'in 48h': '1%', 'in 72h': '26%', 'in 96h': '55%'}"
"{
""future_hours"": [
{
""hours"": 12,
""gale_force_probability"": 80
},
{
""hours"": 24,
""gale_force_probability"": 85
},
{
""hours"": 48,
""gale_force_probability"": 90
},
{
""hours"": 72,
""gale_force_probability"": 95
},
{
""hours"": 96,
""gale_force_probability"": 98
}
]
}","{'in 12h': '0%', 'in 24h': '0%', 'in 48h': '0%', 'in 72h': '5%', 'in 96h': '26%'}"
"{
""future_12_hours"": {
""probability"": 80,
""value"": ""High""
},
""future_24_hours"": {
""probability"": 90,
""value"": ""Very High""
},
""future_48_hours"": {
""probability"": 70,
""value"": ""Moderate""
},
""future_72_hours"": {
""probability"": 60,
""value"": ""Low to Moderate""
},
""future_96_hours"": {
""probability"": 40,
""value"": ""Low""
}
}","{'in 12h': '0%', 'in 24h': '0%', 'in 48h': '0%', 'in 72h': '1%', 'in 96h': '17%'}"
"{
""future_12_hours"": {
""gale_force_probability"": ""10""
},
""future_24_hours"": {
""gale_force_probability"": ""20""
},
""future_48_hours"": {
""gale_force_probability"": ""30""
},
""future_72_hours"": {
""gale_force_probability"": ""40""
},
""future_96_hours"": {
""gale_force_probability"": ""50""
}
}","{'in 12h': '0%', 'in 24h': '0%', 'in 48h': '0%', 'in 72h': '2%', 'in 96h': '16%'}"
"{
""future_12_hours"": {
""type"": ""high"",
""percentage"": ""100""
},
""future_24_hours"": {
""type"": ""high"",
""percentage"": ""100""
},
""future_48_hours"": {
""type"": ""high"",
""percentage"": ""100""
},
""future_72_hours"": {
""type"": ""high"",
""percentage"": ""100""
},
""future_96_hours"": {
""type"": ""high"",
""percentage"": ""100""
}","{'in 12h': '0%', 'in 24h': '0%', 'in 48h': '0%', 'in 72h': '1%', 'in 96h': '5%'}"
10-09-2020,10/9/2020
09-10-2020,10/9/2020
08-10-2020,10/9/2020
08-09-2020,10/9/2020
07-09-2020,10/9/2020
07-08-2020,10/9/2020
07-10-2020,10/9/2020
09-06-2020,10/9/2020
10-07-2020,10/9/2020
15-10-2020,10/9/2020
09-10-2020,10/10/2020
08-09-2020,10/10/2020
08-09-2020,10/10/2020
08-09-2020,10/10/2020
08-09-2020,10/10/2020
07-08-2020,10/10/2020
03-07-2020,10/10/2020
05-07-2020,10/10/2020
11-07-2020,10/10/2020
09-10-2020,10/10/2020
10-11-2020,10/9/2020
10-09-2020,10/9/2020
09-10-2020,10/9/2020
08-10-2020,10/9/2020
08-09-2020,10/9/2020
07-10-2020,10/9/2020
07-10-2020,10/9/2020
09-10-2020,10/9/2020
07-10-2020,10/9/2020
10-15-2020,10/9/2020
2,2
2,2
3,2
4,2
7,2
33,2
15,2
10,2
7,2
33,2
7,1.0
7,1.0
5,1.0
7,1.0
7,1.0
2,1.0
14,1.0
1,1.0
77,1.0
1,1.0
2-4 feet,0.673653683
34,0.673653683
34,0.673653683
34,0.673653683
64,0.673653683
34,0.673653683
34,0.673653683
64,0.673653683
34,0.673653683
34,0.673653683
The answer is B. 10-20 vessels.,C.
The answer is B. 10-20 vessels.,C.
D. 20 vessels or more,C.
D. 20 vessels or more,C.
B. 10-20 vessels,C.
D. 20 vessels or more,C.
The correct answer is C. 10-20 vessels.,C.
The correct answer is C. 10-20 vessels.,C.
B. 10-20 vessels,C.
D. 20 vessels or more,C.
